array([[-0.07477646, -0.04730878, -0.12035314, -0.05126002, -0.18420501,
         0.20575428, -0.00132556,  0.06610757, -0.14958283],
       [-0.27484582, -0.21692205, -0.01393206, -0.01449834, -0.11485233,
         0.05921457,  0.00203086, -0.15827432, -0.30753267],
       [ 0.19464077,  0.10790646,  0.07180669, -0.05059673,  0.19449801,
         0.15386055, -0.15490489, -0.27548067, -0.29780695],
       [ 0.17610548, -0.09227581, -0.18180007, -0.09974164,  0.04976668,
        -0.05539049,  0.19616114,  0.06727929, -0.21813744],
       [-0.15221882, -0.12897   ,  0.20051605, -0.22228821, -0.2715286 ,
         0.23015848, -0.19706623,  0.04669295, -0.19986481],
       [ 0.16355098,  0.11621404, -0.12881173, -0.12736715,  0.18980815,
         0.0213398 ,  0.13101103,  0.00035411, -0.08257728],
       [ 0.23975551, -0.21394547, -0.3183539 ,  0.11023036, -0.21319595,
        -0.04993357, -0.10628522,  0.30082412, -0.11545588],
       [-0.19405732,  0.17726192, -0.00234876, -0.17414892,  0.28854025,
         0.28153128,  0.02545114, -0.08425124,  0.23313809],
       [-0.21705287,  0.04652131, -0.01618088, -0.09018558, -0.14296306,
         0.25272153,  0.02918415, -0.13803815,  0.29246254],
       [ 0.26137059,  0.33011253, -0.19505293, -0.19388964, -0.00321794,
         0.03767596, -0.25257773,  0.08018047, -0.22125715],
       [ 0.15362082, -0.20941169, -0.11348587,  0.02189293, -0.01041565,
         0.16534454, -0.03709256,  0.04254916,  0.03894881],
       [ 0.13215736,  0.26163575, -0.31692754, -0.23266925,  0.31959456,
         0.23779804,  0.14176719, -0.25994374, -0.25045069],
       [-0.13477822, -0.12416679, -0.04175783, -0.03615253,  0.20886128,
        -0.30058865, -0.2801346 , -0.02513175,  0.27341503],
       [ 0.15951755, -0.24334999,  0.1739157 ,  0.11029979,  0.11972794,
         0.1752952 , -0.09876573,  0.18841934, -0.30015493],
       [-0.0330426 , -0.01838114, -0.23173889,  0.25574509, -0.10537189,
         0.07040168, -0.22351389, -0.29716866,  0.21929088],
       [ 0.27747465, -0.09245561, -0.27854294, -0.08911355,  0.04510305,
         0.24477258, -0.06419496, -0.07770246,  0.0242583 ],
       [ 0.04346327, -0.22274747, -0.14941713, -0.24997962, -0.1937862 ,
        -0.28241903, -0.11151121,  0.2806773 , -0.1981533 ],
       [-0.18269533,  0.2691234 , -0.01669552,  0.26832632, -0.29674531,
         0.15701372, -0.31342466,  0.14568064,  0.31440753],
       [ 0.15854799, -0.29436637,  0.14307465,  0.0540076 ,  0.1489747 ,
        -0.07363663, -0.08099328,  0.22050526, -0.31010536],
       [-0.03385202,  0.20630874, -0.10193118,  0.31399569,  0.16782647,
         0.10360722,  0.21343955,  0.21017315, -0.24703633],
       [-0.27389266,  0.27281976, -0.02686696,  0.08246802, -0.0473474 ,
        -0.20929115,  0.01132448,  0.09114567, -0.16042366],
       [-0.13185405,  0.02865179, -0.22867846, -0.21398867,  0.02349338,
        -0.13199502, -0.23178708, -0.29173371,  0.21469677],
       [-0.04430172, -0.07735519, -0.06062487, -0.23856663,  0.14166756,
        -0.05265971, -0.30619109, -0.17111828,  0.24427818],
       [ 0.21571367, -0.09645076, -0.22541379,  0.10548627, -0.15194881,
         0.14631251,  0.19518921,  0.02155894, -0.27527532],
       [-0.12918407,  0.01513011,  0.16233814,  0.23287437,  0.10740178,
        -0.26553357, -0.24012841,  0.31402734, -0.21243746],
       [-0.26631985, -0.01793712,  0.30294529, -0.01006518, -0.08732181,
         0.17759139,  0.21451148, -0.2272006 ,  0.10845247],
       [ 0.19385124,  0.30442883, -0.15681288, -0.04082277,  0.003447  ,
         0.03543793,  0.06763984,  0.1481277 ,  0.06654592],
       [ 0.2127347 , -0.04122835, -0.01541829, -0.17455321,  0.31459932,
        -0.22272572,  0.19084122, -0.27295309, -0.02506588],
       [ 0.09619272, -0.24816676,  0.06454141,  0.13354186,  0.25427982,
        -0.16132378,  0.12671622,  0.29985241, -0.15767265],
       [ 0.27917212,  0.30770096, -0.09084782, -0.06377929,  0.27937709,
         0.20421502,  0.28340372, -0.29413229,  0.08630162],
       [-0.00304452, -0.06883426,  0.27367285, -0.14594792, -0.20755815,
         0.12137302, -0.1327331 , -0.23532848, -0.2343948 ],
       [ 0.13696448,  0.09838231,  0.08329786,  0.00322036, -0.28110253,
        -0.26727848,  0.02744585, -0.0306126 , -0.04158433],
       [ 0.17688525, -0.01930203,  0.15856406, -0.26794055, -0.06742625,
        -0.25841309,  0.17718225, -0.26399164, -0.15355081],
       [ 0.14980543, -0.21607843, -0.01427326,  0.03601067, -0.02306533,
         0.09290603,  0.19575312,  0.28278842, -0.07992075],
       [-0.31409603, -0.07129713, -0.2316116 ,  0.05625492, -0.26384714,
        -0.0322543 , -0.31756667, -0.01619295,  0.10942161],
       [ 0.16622715,  0.0987371 , -0.23760444, -0.08840824,  0.29705682,
        -0.00478056, -0.00754957, -0.15429866, -0.24679704],
       [-0.1794438 ,  0.0120739 ,  0.14377916,  0.08104374, -0.10910695,
         0.11892688,  0.15701309, -0.19788109, -0.09165817],
       [ 0.24476442, -0.11558671, -0.00752388,  0.27706639, -0.23800603,
         0.1782667 , -0.25915574,  0.10666022, -0.29085493],
       [ 0.00309847,  0.05140193, -0.29755597,  0.13441328, -0.12590607,
        -0.00486009, -0.19163037, -0.06060134, -0.11715308],
       [-0.12540225, -0.01959792,  0.23366437, -0.1024504 , -0.18810605,
        -0.24047024, -0.08023037, -0.00310352, -0.22701076],
       [ 0.12399086,  0.1461407 ,  0.26836243, -0.1439121 , -0.26268184,
        -0.03155104, -0.01775256, -0.29580927,  0.3022791 ],
       [-0.15346902, -0.11223195, -0.21180497, -0.2923532 , -0.30076621,
         0.14083419, -0.03589137, -0.2644025 ,  0.14017386],
       [ 0.22227511,  0.10308767, -0.24313515,  0.23368661, -0.228156  ,
        -0.22685895, -0.02727354, -0.0217705 , -0.27813054],
       [ 0.310912  ,  0.12319767, -0.01746426, -0.06482279,  0.11824722,
         0.11460294, -0.15655583,  0.09856453,  0.0594808 ],
       [ 0.06633842,  0.29107068,  0.24739358, -0.00339991, -0.07911644,
        -0.0151795 , -0.14829665,  0.05573263, -0.17740834],
       [ 0.24483058,  0.21411897, -0.20963875,  0.10307675,  0.25598525,
         0.22614442, -0.04263267, -0.02322118,  0.25651938],
       [ 0.00192176, -0.26400105, -0.02488011, -0.21304942, -0.2627364 ,
         0.12664682,  0.05212137, -0.09429574,  0.20847105],
       [ 0.25225219, -0.09682355,  0.08241749,  0.17476258,  0.1293302 ,
         0.2388532 , -0.31125829, -0.06538667, -0.21049795],
       [ 0.28319022, -0.15924394, -0.04740419, -0.16007725, -0.15252278,
        -0.23369684, -0.15376329, -0.02568346, -0.0364584 ],
       [ 0.3027315 ,  0.15751212, -0.00210456,  0.27628373,  0.07175399,
         0.11532433,  0.21604687,  0.05300735, -0.13063224]]),array([[ 0.20607551, -0.02671158,  0.21011613, -0.26444195,  0.04189048,
         0.12982572, -0.0490563 , -0.34454047, -0.19184405, -0.30563107,
         0.10559792, -0.31337533, -0.11923859, -0.11932847, -0.11061281,
        -0.33769216, -0.11926895,  0.02780897, -0.40827259,  0.11966937,
        -0.33592021, -0.09052795, -0.2235274 , -0.1828711 , -0.35323986,
        -0.26614974, -0.05147715, -0.41316702, -0.39625424, -0.17953376,
        -0.38103926,  0.14636191, -0.11084336, -0.30066172,  0.16423914,
        -0.15716424, -0.27453375, -0.01049834, -0.07066794, -0.27058725,
         0.19382861, -0.18004559, -0.07958772,  0.18234229,  0.1372131 ,
         0.03274887, -0.31004573,  0.19303191,  0.04567799,  0.05048935],
       [-0.41571924, -0.4370437 , -0.23114692, -0.27905404, -0.27327342,
        -0.22086166, -0.16482351, -0.35707244, -0.37430878, -0.41552811,
         0.08919023, -0.01094877, -0.3075272 , -0.07752629, -0.40317977,
         0.07873465, -0.04139873,  0.10567028, -0.3876706 , -0.39820209,
         0.08250869, -0.09800281, -0.11668392, -0.06647062,  0.09512866,
         0.08328346, -0.3555807 , -0.08750119, -0.17859018, -0.2029858 ,
         0.05474331, -0.10198096, -0.01012394, -0.44609293, -0.46601496,
         0.02503385,  0.16397388, -0.12997124, -0.19658048, -0.45599513,
        -0.21408869, -0.05194679,  0.10673918,  0.10030408, -0.10985988,
        -0.36633601, -0.43679364, -0.13796896,  0.09123321, -0.08049302],
       [-0.4208867 , -0.37016334, -0.09572723,  0.02418982, -0.40123837,
         0.16635522, -0.04261667,  0.07325817, -0.1856352 ,  0.06628698,
         0.14663993, -0.01536625, -0.41049395,  0.15567237, -0.36347994,
        -0.22991202,  0.19167332,  0.13239038,  0.1542862 ,  0.18923045,
        -0.04922141, -0.08460752, -0.08524205, -0.37295709, -0.40540917,
         0.03140359, -0.20962392, -0.2928176 ,  0.11893117,  0.092044  ,
        -0.29264409, -0.22071639, -0.18450833,  0.14870462, -0.41578969,
         0.09823875, -0.30206806, -0.20128604,  0.0819776 , -0.21694287,
         0.17260044, -0.14539094,  0.06778239, -0.31108792, -0.37552579,
        -0.08827882, -0.37616837, -0.3856945 , -0.02528388, -0.04762061],
       [-0.1038291 ,  0.08270608,  0.01972831, -0.04134649, -0.01582845,
         0.11738565,  0.0235723 ,  0.13296413,  0.16814352, -0.36514091,
         0.14517794, -0.19923048, -0.09624434, -0.04172578, -0.35924797,
         0.0487128 , -0.2587583 , -0.43685815, -0.43303963,  0.12823403,
        -0.07568039, -0.19685765, -0.21294702, -0.13157496, -0.37321113,
        -0.42554146, -0.21919324, -0.02243045, -0.0426785 , -0.46083996,
        -0.28589115, -0.44868683, -0.09472417,  0.12754794, -0.33158053,
        -0.02015621, -0.4095548 , -0.11832396, -0.25442134,  0.14036331,
        -0.19550687, -0.13374498, -0.27982134, -0.32759253, -0.24351429,
        -0.3845781 , -0.25059302, -0.02322256, -0.43965541, -0.39174822],
       [-0.42689031, -0.53120761, -0.2655486 , -0.59155296, -0.33286182,
        -0.74589742, -0.34940205, -0.2496589 , -0.12082796, -0.17691737,
        -0.67654196, -0.26552152, -0.38301695, -0.18654343, -0.31819753,
        -0.3783811 , -0.21033497, -0.74907114, -0.42821542, -0.66322105,
        -0.57700604, -0.61545061, -0.18596463, -0.2212393 , -0.43470964,
        -0.57655974, -0.42793535, -0.51329811, -0.58300431, -0.4986698 ,
        -0.602617  , -0.57085401, -0.43376571, -0.44527776, -0.74369438,
        -0.21625065, -0.19028296, -0.71363334, -0.72766281, -0.68833514,
        -0.70233587, -0.41414267, -0.28625625, -0.45899205, -0.36534696,
        -0.16859478, -0.33015271, -0.74734936, -0.37552153, -0.65663827],
       [ 0.09872663, -0.14391095, -0.04567882, -0.31507795,  0.13282538,
        -0.01749293, -0.01383296, -0.46160906, -0.29594554, -0.17897041,
         0.04124611,  0.09207704, -0.05719071, -0.31636847, -0.24423295,
        -0.04015837, -0.28741217, -0.30423402,  0.06887622,  0.01173209,
         0.0668908 , -0.0874915 , -0.30322488,  0.11343792, -0.40076923,
         0.02195434,  0.01940236, -0.42337379,  0.01805842, -0.11967977,
        -0.21949501,  0.13286986, -0.23442861, -0.07850577,  0.02806607,
        -0.04919021, -0.29527609, -0.13920258,  0.14564245, -0.07133881,
         0.13265329, -0.304849  , -0.03639471,  0.08125342, -0.19561663,
        -0.07774989, -0.22603677, -0.45112318, -0.03313283, -0.3479214 ],
       [ 0.14784768,  0.02364837, -0.45848341,  0.12149586, -0.04048196,
         0.13233572, -0.37917371, -0.05751095, -0.1941625 , -0.24826323,
        -0.37210611, -0.4550088 , -0.34523519, -0.43659957, -0.13848139,
        -0.18097192,  0.10981217, -0.32103685, -0.07047819,  0.0949925 ,
        -0.17799264, -0.31062975, -0.32088005,  0.14667486, -0.3321943 ,
         0.13037132,  0.04932145, -0.25408062,  0.00321511, -0.11765381,
        -0.00506533,  0.01065542, -0.11299147,  0.02720116,  0.08478705,
        -0.4192412 , -0.23446642, -0.18203433, -0.1310616 , -0.27306247,
        -0.29552563, -0.20200112, -0.11666935, -0.01916453, -0.3492201 ,
         0.05194101, -0.44191422, -0.14690073, -0.07380203, -0.46881685],
       [-0.39816166,  0.13545412,  0.18745654, -0.38784901, -0.2537794 ,
        -0.00953789, -0.38304785, -0.03451757, -0.23013257,  0.08085943,
        -0.15018658, -0.14151634, -0.23701345, -0.00476685, -0.14679058,
         0.11101975, -0.10821771, -0.02358194,  0.01143955, -0.20095473,
         0.1287121 , -0.09388345, -0.28209239, -0.18720826, -0.1398498 ,
         0.0680787 ,  0.070987  ,  0.10665318,  0.14513656, -0.38212887,
        -0.04596845, -0.1058652 ,  0.03200339, -0.32977402, -0.38085117,
        -0.35129935, -0.08531464,  0.18681365, -0.10290648, -0.24281219,
        -0.27155808,  0.12621582,  0.00623931,  0.12373357, -0.17848431,
        -0.2010329 , -0.40870829,  0.20131391, -0.33592905, -0.2214915 ],
       [-0.00474299, -0.1615071 , -0.14361295, -0.01365481, -0.32292875,
        -0.23068357, -0.00244901, -0.05837674, -0.03835072, -0.25499309,
        -0.02438574, -0.22217369, -0.1872219 , -0.06379895, -0.18699241,
        -0.27848142,  0.0089465 ,  0.19498288,  0.18701072,  0.0601518 ,
        -0.38054769, -0.31230914,  0.21594612, -0.33220641, -0.28154503,
        -0.24809442, -0.08795337, -0.23762204,  0.12559781,  0.11517356,
        -0.15850762,  0.01631697, -0.14459614,  0.0791601 , -0.23385175,
        -0.2035489 , -0.04137382, -0.2007712 ,  0.09776291, -0.38728242,
         0.07704946, -0.05332866, -0.22181005, -0.09242874, -0.30404616,
        -0.06384062, -0.38008235, -0.06353504, -0.26821228, -0.10529276]])